464086947
744314932
417863975
297445442
815218823
443451206
331439694
832814457
237338271
381194402
179589685
629463611
682142308
545391929
418366152
714170420
232961176
181104966
114340857
207210384
246540229
796782827
924950383
590702432
318738729
886523383
780582643
578173143
555882593
552492337
892189374
115443487
402728220
120473434
508494457
810559023
708560827
421816793
957270243
250973133
119627604
679913713
472565271
947110319
642331131
613976564
546915058
694319038
226410300
199256991
523156373
270300003
696671096
133698641
938927976
292963264
923377173
927129489
485160683
685246252
363724236
768217249
675145032
947627566
946374615
105872141
805798450
868660439
513114482
382675451
418196466
630024690
348426718
335616075
681125735
435438065
444481842
180145887
642467704
549692888
846070840
875192370
504264663
516501771
511112781
543172672
716283611
505274651
259066924
443901345
771070827
745749929
725068599
966730510
421719309
572704201
102756676
946466953
758717531
691821846